1111111111111111111111111111
1000000110100001010010000001
1111011110101101010000111101
1000010000100001010110000101
1010011111110000000101111001
1010000001010111010101000011
1110011111010101010101001104
1000101100010101010001010001
1011101010111101010101010101
1000001010100001001101001101
1110111010001111100000100001
3000000011000001101110010111
1110110010100000100110111101
1010101010101100100100000101
1010101010101010110111110001
1010101000101010010000101101
1010001001111010010111101101
1010101001111011010100000101
1010100000000001011101110101
1010101101011101010101100101
1010110101010001010101010101
1000010001000101110101010101
1010010101010100100101010101
1010010001010010101111000001
1010000101010001100001011111
1011110111110111001101000001
1100000110000000010000010001
1111111111111111111111111111